171 46
171 46
171 46
171 46
171 46
171 46
171 46
171 46
171 46
171 47
171 47
171 47
171 47
171 46
171 46
171 47
171 47
171 47
171 47
171 47
171 47
171 47
171 47
171 47
171 47
171 47
171 47
171 46
171 47
171 46
172 47
172 47
172 47
172 47
172 47
172 47
172 47
172 47
172 47
172 47
172 47
172 47
172 47
172 45
172 47
172 47
172 47
172 47
172 44
172 45
172 47
172 47
173 47
173 47
173 47
173 47
173 47
173 47
173 47
173 47
173 47
173 47
173 47
173 47
173 107
173 47
173 47
173 47
173 107
173 107
173 47
173 47
173 47
173 47
173 47
173 107
173 107
173 21
173 47
173 47
173 47
173 107
173 107
173 107
173 107
173 107
193 90
194 37
194 37
194 37
194 37
194 37
194 26
194 37
194 37
194 37
194 37
194 42
194 37
194 37
194 37
194 42
194 42
194 37
194 42
195 82
195 82
195 82
195 82
195 82
195 82
195 82
195 82
195 82
195 91
195 87
195 90
195 90
195 91
195 91
195 90
195 90
195 90
195 90
195 91
195 91
195 82
195 87
195 90
195 91
195 91
195 91
195 91
195 91
195 91
196 82
196 82
196 59
196 59
196 55
196 55
196 59
196 59
196 59
196 59
196 59
196 59
196 26
196 26
196 26
196 26
196 26
196 46
196 46
196 59
196 59
196 59
196 59
196 59
197 26
197 42
198 87
198 87
198 87
198 87
198 87
198 87
198 87
198 87
198 87
198 87
198 87
198 90
199 54
199 54
199 54
199 54
199 82
199 54
199 55
199 55
199 55
199 55
199 56
199 55
199 56
199 56
199 56
199 55
199 56
199 56
199 56
199 56
199 82
199 82
199 56
199 56
199 56
199 81
199 81
199 82
199 82
199 82
199 56
199 81
199 82
199 82
199 56
199 56
199 56
199 81
199 81
199 81
199 82
199 82
199 82
199 82
199 82
199 82
199 82
199 82
200 54
200 54
200 54
200 54
200 54
200 54
200 54
200 54
200 54
200 54
200 46
200 54
200 54
200 46
200 46
200 46
200 54
200 54
200 55
200 46
200 54
200 54
200 54
203 53
203 53
203 52
203 53
203 53
203 53
203 53
203 54
203 54
203 53
203 53
203 53
203 53
203 53
203 53
203 55
203 55
203 55
203 56
203 57
204 54
204 54
204 54
204 54
204 54
204 54
204 54
204 54
204 54
242 85
242 85
242 85
242 85
242 85
242 85
242 85
242 85
242 85
242 85
242 86
243 88
243 88
243 88
243 85
243 85
243 88
243 88
243 88
243 85
243 88
243 88
243 88
243 88
243 88
243 88
246 88
246 88
247 88
247 88
247 88
247 88
247 88
247 88
247 88
247 88
247 88
247 88
247 88
247 88
247 88
247 88
247 88
247 88
247 89
250 88
250 89
250 88
250 88
250 89
250 87
250 87
250 88
250 87
250 87
250 87
250 87
250 87
250 88
250 90
250 90
250 87
250 87
250 87
250 87
250 87
250 87
250 87
250 87
250 87
250 88
250 88
250 88
250 88
250 87
250 87
250 87
250 87
250 87
250 90
250 90
251 88
251 89
251 89
251 89
251 89
251 89
265 87
265 87
265 87
265 87
265 87
265 87
265 87
265 87
265 87
267 82
267 85
267 82
267 82
267 82
267 85
